{
  {
    id = 174,
    x = 14,
    g = 8,
    z = 3,
    f = 9.414213,
    postMove = 0,
    h = 1.4142135,
  },
  {
    id = 175,
    x = 13,
    g = 8,
    z = 4,
    f = 8,
    postMove = 1,
    h = 0,
  },
  {
    id = 176,
    x = 12,
    g = 8,
    z = 3,
    f = 9.414213,
    postMove = 2,
    h = 1.4142135,
  },
}